#vertex id, neighbour1, neighbour2,...., neighbourn
1,2,9
2,1,3
3,2,4,11
4,3,5
5,4,6,13
6,5,7
7,6,15
8,9,18
9,8,10,1
10,9,11,20
11,3,10,12
12,11,13,22
13,5,12,14
14,13,15,24
15,7,14,16
16,15,26
17,18,28
18,8,17,19
19,18,20,30
20,19,10,21
21,20,22,32
22,12,21,23
23,22,24,34
24,14,23,25
25,24,26,36
26,16,25,27
27,26,38
28,17,29
29,28,30,39
30,19,29,31
31,30,32,41
32,21,31,33
33,32,34,43
34,23,33,35
35,34,36,45
36,25,35,37
37,38,38,47
38,27,37
39,29,40
40,39,41,48
41,31,40,42
42,41,43,50
43,33,42,44
44,43,45,52
45,35,44,46
46,45,47,54
47,37,46
48,40,49
49,48,50
50,42,49,51
51,50,52
52,44,51,53
53,52,54
54,46,53
